min_mass = 10000000000.000000
max_mass = 1e+100
max_number = -1.000000
